{
 "cells": [
  {
   "cell_type": "markdown",
   "metadata": {},
   "source": [
    "**Imports**"
   ]
  },
  {
   "cell_type": "code",
   "execution_count": 174,
   "metadata": {},
   "outputs": [],
   "source": [
    "import pandas as pd\n",
    "import numpy as np\n",
    "import matplotlib.pyplot as plt\n",
    "from mpl_toolkits.mplot3d import Axes3D\n",
    "import scipy.stats as stats\n",
    "from scipy.stats import gaussian_kde\n",
    "import seaborn as sns\n",
    "import cvxpy as cp\n",
    "import numpy as np\n",
    "from scipy.optimize import minimize\n",
    "from sklearn import preprocessing"
   ]
  },
  {
   "cell_type": "markdown",
   "metadata": {},
   "source": [
    "**Let's start**"
   ]
  },
  {
   "cell_type": "code",
   "execution_count": 175,
   "metadata": {},
   "outputs": [
    {
     "data": {
      "text/html": [
       "<div>\n",
       "<style scoped>\n",
       "    .dataframe tbody tr th:only-of-type {\n",
       "        vertical-align: middle;\n",
       "    }\n",
       "\n",
       "    .dataframe tbody tr th {\n",
       "        vertical-align: top;\n",
       "    }\n",
       "\n",
       "    .dataframe thead th {\n",
       "        text-align: right;\n",
       "    }\n",
       "</style>\n",
       "<table border=\"1\" class=\"dataframe\">\n",
       "  <thead>\n",
       "    <tr style=\"text-align: right;\">\n",
       "      <th></th>\n",
       "      <th>ADA</th>\n",
       "      <th>BCH</th>\n",
       "      <th>BTC</th>\n",
       "      <th>DOGE</th>\n",
       "      <th>ETH</th>\n",
       "      <th>LINK</th>\n",
       "      <th>LTC</th>\n",
       "      <th>MANA</th>\n",
       "      <th>XLM</th>\n",
       "      <th>XRP</th>\n",
       "      <th>SPXT</th>\n",
       "      <th>XCMP</th>\n",
       "      <th>USSOC</th>\n",
       "      <th>VIX</th>\n",
       "    </tr>\n",
       "    <tr>\n",
       "      <th>time</th>\n",
       "      <th></th>\n",
       "      <th></th>\n",
       "      <th></th>\n",
       "      <th></th>\n",
       "      <th></th>\n",
       "      <th></th>\n",
       "      <th></th>\n",
       "      <th></th>\n",
       "      <th></th>\n",
       "      <th></th>\n",
       "      <th></th>\n",
       "      <th></th>\n",
       "      <th></th>\n",
       "      <th></th>\n",
       "    </tr>\n",
       "  </thead>\n",
       "  <tbody>\n",
       "    <tr>\n",
       "      <th>2017-10-02</th>\n",
       "      <td>0.027392</td>\n",
       "      <td>0.008261</td>\n",
       "      <td>-0.000402</td>\n",
       "      <td>-0.023234</td>\n",
       "      <td>-0.023491</td>\n",
       "      <td>-0.181214</td>\n",
       "      <td>-0.027555</td>\n",
       "      <td>-0.203082</td>\n",
       "      <td>-0.062725</td>\n",
       "      <td>-0.024964</td>\n",
       "      <td>0.00388</td>\n",
       "      <td>0.00320</td>\n",
       "      <td>0.00168</td>\n",
       "      <td>-0.00631</td>\n",
       "    </tr>\n",
       "    <tr>\n",
       "      <th>2017-10-03</th>\n",
       "      <td>-0.194745</td>\n",
       "      <td>-0.042087</td>\n",
       "      <td>-0.019799</td>\n",
       "      <td>-0.026641</td>\n",
       "      <td>-0.016846</td>\n",
       "      <td>-0.033296</td>\n",
       "      <td>-0.021392</td>\n",
       "      <td>0.166436</td>\n",
       "      <td>-0.045385</td>\n",
       "      <td>0.000985</td>\n",
       "      <td>0.00220</td>\n",
       "      <td>0.00238</td>\n",
       "      <td>0.00126</td>\n",
       "      <td>0.00635</td>\n",
       "    </tr>\n",
       "    <tr>\n",
       "      <th>2017-10-04</th>\n",
       "      <td>0.050384</td>\n",
       "      <td>-0.115200</td>\n",
       "      <td>-0.022141</td>\n",
       "      <td>-0.008798</td>\n",
       "      <td>-0.000445</td>\n",
       "      <td>0.134588</td>\n",
       "      <td>-0.017833</td>\n",
       "      <td>-0.144464</td>\n",
       "      <td>-0.048348</td>\n",
       "      <td>0.050172</td>\n",
       "      <td>0.00131</td>\n",
       "      <td>0.00060</td>\n",
       "      <td>0.00501</td>\n",
       "      <td>0.01262</td>\n",
       "    </tr>\n",
       "    <tr>\n",
       "      <th>2017-10-05</th>\n",
       "      <td>-0.016903</td>\n",
       "      <td>-0.004159</td>\n",
       "      <td>0.024363</td>\n",
       "      <td>-0.006903</td>\n",
       "      <td>0.011348</td>\n",
       "      <td>0.033163</td>\n",
       "      <td>0.008200</td>\n",
       "      <td>-0.063668</td>\n",
       "      <td>0.226926</td>\n",
       "      <td>0.114754</td>\n",
       "      <td>0.00582</td>\n",
       "      <td>0.00778</td>\n",
       "      <td>0.00624</td>\n",
       "      <td>-0.04569</td>\n",
       "    </tr>\n",
       "    <tr>\n",
       "      <th>2017-10-06</th>\n",
       "      <td>-0.140799</td>\n",
       "      <td>0.025370</td>\n",
       "      <td>0.011686</td>\n",
       "      <td>0.016882</td>\n",
       "      <td>0.045222</td>\n",
       "      <td>0.155556</td>\n",
       "      <td>0.008521</td>\n",
       "      <td>-0.398374</td>\n",
       "      <td>0.268461</td>\n",
       "      <td>-0.019328</td>\n",
       "      <td>-0.00076</td>\n",
       "      <td>0.00075</td>\n",
       "      <td>0.00413</td>\n",
       "      <td>0.05005</td>\n",
       "    </tr>\n",
       "  </tbody>\n",
       "</table>\n",
       "</div>"
      ],
      "text/plain": [
       "                 ADA       BCH       BTC      DOGE       ETH      LINK  \\\n",
       "time                                                                     \n",
       "2017-10-02  0.027392  0.008261 -0.000402 -0.023234 -0.023491 -0.181214   \n",
       "2017-10-03 -0.194745 -0.042087 -0.019799 -0.026641 -0.016846 -0.033296   \n",
       "2017-10-04  0.050384 -0.115200 -0.022141 -0.008798 -0.000445  0.134588   \n",
       "2017-10-05 -0.016903 -0.004159  0.024363 -0.006903  0.011348  0.033163   \n",
       "2017-10-06 -0.140799  0.025370  0.011686  0.016882  0.045222  0.155556   \n",
       "\n",
       "                 LTC      MANA       XLM       XRP     SPXT     XCMP    USSOC  \\\n",
       "time                                                                            \n",
       "2017-10-02 -0.027555 -0.203082 -0.062725 -0.024964  0.00388  0.00320  0.00168   \n",
       "2017-10-03 -0.021392  0.166436 -0.045385  0.000985  0.00220  0.00238  0.00126   \n",
       "2017-10-04 -0.017833 -0.144464 -0.048348  0.050172  0.00131  0.00060  0.00501   \n",
       "2017-10-05  0.008200 -0.063668  0.226926  0.114754  0.00582  0.00778  0.00624   \n",
       "2017-10-06  0.008521 -0.398374  0.268461 -0.019328 -0.00076  0.00075  0.00413   \n",
       "\n",
       "                VIX  \n",
       "time                 \n",
       "2017-10-02 -0.00631  \n",
       "2017-10-03  0.00635  \n",
       "2017-10-04  0.01262  \n",
       "2017-10-05 -0.04569  \n",
       "2017-10-06  0.05005  "
      ]
     },
     "execution_count": 175,
     "metadata": {},
     "output_type": "execute_result"
    }
   ],
   "source": [
    "df = pd.read_csv('2024_03_25_-_epfl_fin413_crypto_portfolio_construction_-_project_dataset.csv', skiprows=1,index_col='time')\n",
    "df.index=pd.to_datetime(df.index)\n",
    "df.head()"
   ]
  },
  {
   "cell_type": "code",
   "execution_count": 176,
   "metadata": {},
   "outputs": [],
   "source": [
    "weights = np.array([1/14] * 14)"
   ]
  },
  {
   "cell_type": "code",
   "execution_count": 177,
   "metadata": {},
   "outputs": [
    {
     "name": "stdout",
     "output_type": "stream",
     "text": [
      "Total Portfolio Value at Peak Date (2021-09-11): 3552.3382820701927\n",
      "Total Portfolio Value at Trough Date (2022-11-21): 1007.7283104221767\n"
     ]
    }
   ],
   "source": [
    "datePP = '2021-09-11'\n",
    "dateTr = '2022-11-21'\n",
    "weights = np.array([1/14] * 14)\n",
    "\n",
    "# Calculate cumulative returns for each asset\n",
    "cumulative_returns = (1 + df).cumprod()\n",
    "portfolio_cumulative_returns = cumulative_returns.dot(weights)\n",
    "initial_portfolio_value = 100\n",
    "portfolio_value_at_peak = initial_portfolio_value * portfolio_cumulative_returns.loc[datePP]\n",
    "portfolio_value_at_trough = initial_portfolio_value * portfolio_cumulative_returns.loc[dateTr]\n",
    "\n",
    "print(f\"Total Portfolio Value at Peak Date ({datePP}): {portfolio_value_at_peak}\")\n",
    "print(f\"Total Portfolio Value at Trough Date ({dateTr}): {portfolio_value_at_trough}\")"
   ]
  },
  {
   "cell_type": "markdown",
   "metadata": {},
   "source": [
    "As suggested by López de Prado, the number of observations used to estimate the covariance matrix should be significantly higher than the number of assets to avoid estimation errors due to noise.\n",
    "\n",
    "López de Prado introduces the concept of the Minimum Track Record Length (MinTRL), which is the minimum number of observations required to estimate a covariance matrix reliably. The formula is given as:\n",
    "\n",
    "MinTRL=N(N+1)/2\n",
    "\n",
    "where N is the number of assets.\n",
    "\n",
    "In your case, with 14 assets, the minimum track record length would be:\n",
    "\n",
    "MinTRL=14(14+1)/2=105\n",
    "\n",
    "This suggests that you should have at least 105 observations per asset to reliably estimate the covariance matrix\n",
    "\n",
    "CODE FOR THE COV-VAR MATRIX:"
   ]
  },
  {
   "cell_type": "code",
   "execution_count": 178,
   "metadata": {},
   "outputs": [],
   "source": [
    "np.set_printoptions()\n",
    "np.set_printoptions(precision=2, formatter={'float': '{:0.2e}'.format})"
   ]
  },
  {
   "cell_type": "code",
   "execution_count": 179,
   "metadata": {},
   "outputs": [
    {
     "name": "stdout",
     "output_type": "stream",
     "text": [
      "Covariance matrix at the peak date (datePP):\n",
      "[[5.43e-03 4.09e-03 2.35e-03 4.69e-03 3.46e-03 5.07e-03 4.18e-03 4.72e-03\n",
      "  4.06e-03 4.53e-03 1.15e-04 1.45e-04 -3.74e-04 -1.52e-03]\n",
      " [4.09e-03 5.28e-03 2.73e-03 4.84e-03 4.08e-03 5.66e-03 4.94e-03 5.05e-03\n",
      "  4.33e-03 4.75e-03 1.06e-04 1.62e-04 -2.66e-04 -1.32e-03]\n",
      " [2.35e-03 2.73e-03 2.02e-03 2.89e-03 2.39e-03 3.21e-03 2.75e-03 2.89e-03\n",
      "  2.36e-03 2.58e-03 6.11e-05 8.44e-05 -1.72e-04 -8.43e-04]\n",
      " [4.69e-03 4.84e-03 2.89e-03 7.77e-03 4.03e-03 5.39e-03 4.70e-03 5.21e-03\n",
      "  4.53e-03 5.04e-03 1.43e-04 2.19e-04 -3.27e-04 -2.01e-03]\n",
      " [3.46e-03 4.08e-03 2.39e-03 4.03e-03 4.04e-03 4.97e-03 4.07e-03 4.39e-03\n",
      "  3.50e-03 3.85e-03 7.62e-05 1.21e-04 -2.98e-04 -1.07e-03]\n",
      " [5.07e-03 5.66e-03 3.21e-03 5.39e-03 4.97e-03 7.59e-03 5.71e-03 6.22e-03\n",
      "  4.85e-03 5.51e-03 1.01e-04 1.56e-04 -3.03e-04 -1.45e-03]\n",
      " [4.18e-03 4.94e-03 2.75e-03 4.70e-03 4.07e-03 5.71e-03 5.24e-03 5.07e-03\n",
      "  4.15e-03 4.72e-03 9.19e-05 1.40e-04 -2.90e-04 -1.31e-03]\n",
      " [4.72e-03 5.05e-03 2.89e-03 5.21e-03 4.39e-03 6.22e-03 5.07e-03 7.33e-03\n",
      "  4.33e-03 4.86e-03 1.18e-04 1.67e-04 -2.12e-04 -1.70e-03]\n",
      " [4.06e-03 4.33e-03 2.36e-03 4.53e-03 3.50e-03 4.85e-03 4.15e-03 4.33e-03\n",
      "  4.62e-03 4.57e-03 8.89e-05 1.09e-04 -3.07e-04 -1.26e-03]\n",
      " [4.53e-03 4.75e-03 2.58e-03 5.04e-03 3.85e-03 5.51e-03 4.72e-03 4.86e-03\n",
      "  4.57e-03 5.91e-03 7.44e-05 1.19e-04 -3.45e-04 -1.21e-03]\n",
      " [1.15e-04 1.06e-04 6.11e-05 1.43e-04 7.62e-05 1.01e-04 9.19e-05 1.18e-04\n",
      "  8.89e-05 7.44e-05 2.99e-05 3.20e-05 -1.23e-05 -3.51e-04]\n",
      " [1.45e-04 1.62e-04 8.44e-05 2.19e-04 1.21e-04 1.56e-04 1.40e-04 1.67e-04\n",
      "  1.09e-04 1.19e-04 3.20e-05 4.62e-05 -8.03e-06 -3.83e-04]\n",
      " [-3.74e-04 -2.66e-04 -1.72e-04 -3.27e-04 -2.98e-04 -3.03e-04 -2.90e-04\n",
      "  -2.12e-04 -3.07e-04 -3.45e-04 -1.23e-05 -8.03e-06 5.79e-04 1.58e-04]\n",
      " [-1.52e-03 -1.32e-03 -8.43e-04 -2.01e-03 -1.07e-03 -1.45e-03 -1.31e-03\n",
      "  -1.70e-03 -1.26e-03 -1.21e-03 -3.51e-04 -3.83e-04 1.58e-04 4.96e-03]]\n",
      "\n",
      "Covariance matrix at the trough date (dateTr):\n",
      "[[1.66e-03 1.39e-03 1.08e-03 1.66e-03 1.58e-03 1.65e-03 1.31e-03 1.59e-03\n",
      "  1.22e-03 1.42e-03 2.81e-04 3.63e-04 -6.96e-05 -7.35e-04]\n",
      " [1.39e-03 2.23e-03 1.20e-03 1.60e-03 1.75e-03 1.78e-03 1.57e-03 1.56e-03\n",
      "  1.35e-03 1.58e-03 2.51e-04 3.16e-04 -6.28e-05 -7.77e-04]\n",
      " [1.08e-03 1.20e-03 1.03e-03 1.25e-03 1.32e-03 1.25e-03 1.09e-03 1.21e-03\n",
      "  9.99e-04 1.17e-03 2.43e-04 3.06e-04 -4.89e-05 -6.32e-04]\n",
      " [1.66e-03 1.60e-03 1.25e-03 4.34e-03 1.89e-03 1.80e-03 1.48e-03 1.75e-03\n",
      "  1.29e-03 1.59e-03 2.79e-04 3.42e-04 -6.67e-05 -7.98e-04]\n",
      " [1.58e-03 1.75e-03 1.32e-03 1.89e-03 2.17e-03 1.84e-03 1.64e-03 1.70e-03\n",
      "  1.36e-03 1.63e-03 3.06e-04 3.93e-04 -5.89e-05 -9.13e-04]\n",
      " [1.65e-03 1.78e-03 1.25e-03 1.80e-03 1.84e-03 2.51e-03 1.52e-03 1.83e-03\n",
      "  1.43e-03 1.70e-03 2.99e-04 3.72e-04 -5.89e-05 -8.53e-04]\n",
      " [1.31e-03 1.57e-03 1.09e-03 1.48e-03 1.64e-03 1.52e-03 1.85e-03 1.41e-03\n",
      "  1.19e-03 1.42e-03 2.07e-04 2.72e-04 -6.09e-05 -6.95e-04]\n",
      " [1.59e-03 1.56e-03 1.21e-03 1.75e-03 1.70e-03 1.83e-03 1.41e-03 1.95e-03\n",
      "  1.41e-03 1.65e-03 2.77e-04 3.49e-04 -5.68e-05 -7.59e-04]\n",
      " [1.22e-03 1.35e-03 9.99e-04 1.29e-03 1.36e-03 1.43e-03 1.19e-03 1.41e-03\n",
      "  1.48e-03 1.66e-03 1.91e-04 2.47e-04 -4.38e-05 -5.58e-04]\n",
      " [1.42e-03 1.58e-03 1.17e-03 1.59e-03 1.63e-03 1.70e-03 1.42e-03 1.65e-03\n",
      "  1.66e-03 2.42e-03 2.01e-04 2.49e-04 -2.84e-05 -5.65e-04]\n",
      " [2.81e-04 2.51e-04 2.43e-04 2.79e-04 3.06e-04 2.99e-04 2.07e-04 2.77e-04\n",
      "  1.91e-04 2.01e-04 1.75e-04 2.14e-04 -2.49e-05 -3.92e-04]\n",
      " [3.63e-04 3.16e-04 3.06e-04 3.42e-04 3.93e-04 3.72e-04 2.72e-04 3.49e-04\n",
      "  2.47e-04 2.49e-04 2.14e-04 2.74e-04 -3.47e-05 -4.68e-04]\n",
      " [-6.96e-05 -6.28e-05 -4.89e-05 -6.67e-05 -5.89e-05 -5.89e-05 -6.09e-05\n",
      "  -5.68e-05 -4.38e-05 -2.84e-05 -2.49e-05 -3.47e-05 5.65e-05 7.48e-05]\n",
      " [-7.35e-04 -7.77e-04 -6.32e-04 -7.98e-04 -9.13e-04 -8.53e-04 -6.95e-04\n",
      "  -7.59e-04 -5.58e-04 -5.65e-04 -3.92e-04 -4.68e-04 7.48e-05 1.71e-03]]\n",
      "Covariance matrix at the peak date (datePP):\n",
      "            ADA       BCH       BTC      DOGE       ETH      LINK       LTC  \\\n",
      "ADA    0.005427  0.004094  0.002351  0.004693  0.003457  0.005065  0.004176   \n",
      "BCH    0.004094  0.005284  0.002729  0.004839  0.004081  0.005657  0.004940   \n",
      "BTC    0.002351  0.002729  0.002023  0.002894  0.002386  0.003209  0.002753   \n",
      "DOGE   0.004693  0.004839  0.002894  0.007770  0.004030  0.005390  0.004696   \n",
      "ETH    0.003457  0.004081  0.002386  0.004030  0.004045  0.004972  0.004072   \n",
      "LINK   0.005065  0.005657  0.003209  0.005390  0.004972  0.007586  0.005714   \n",
      "LTC    0.004176  0.004940  0.002753  0.004696  0.004072  0.005714  0.005236   \n",
      "MANA   0.004716  0.005050  0.002886  0.005207  0.004391  0.006225  0.005066   \n",
      "XLM    0.004061  0.004332  0.002356  0.004529  0.003503  0.004853  0.004154   \n",
      "XRP    0.004532  0.004748  0.002585  0.005045  0.003852  0.005506  0.004716   \n",
      "SPXT   0.000115  0.000106  0.000061  0.000143  0.000076  0.000101  0.000092   \n",
      "XCMP   0.000145  0.000162  0.000084  0.000219  0.000121  0.000156  0.000140   \n",
      "USSOC -0.000374 -0.000266 -0.000172 -0.000327 -0.000298 -0.000303 -0.000290   \n",
      "VIX   -0.001519 -0.001322 -0.000843 -0.002006 -0.001073 -0.001446 -0.001305   \n",
      "\n",
      "           MANA       XLM       XRP      SPXT      XCMP     USSOC       VIX  \n",
      "ADA    0.004716  0.004061  0.004532  0.000115  0.000145 -0.000374 -0.001519  \n",
      "BCH    0.005050  0.004332  0.004748  0.000106  0.000162 -0.000266 -0.001322  \n",
      "BTC    0.002886  0.002356  0.002585  0.000061  0.000084 -0.000172 -0.000843  \n",
      "DOGE   0.005207  0.004529  0.005045  0.000143  0.000219 -0.000327 -0.002006  \n",
      "ETH    0.004391  0.003503  0.003852  0.000076  0.000121 -0.000298 -0.001073  \n",
      "LINK   0.006225  0.004853  0.005506  0.000101  0.000156 -0.000303 -0.001446  \n",
      "LTC    0.005066  0.004154  0.004716  0.000092  0.000140 -0.000290 -0.001305  \n",
      "MANA   0.007329  0.004333  0.004859  0.000118  0.000167 -0.000212 -0.001703  \n",
      "XLM    0.004333  0.004623  0.004566  0.000089  0.000109 -0.000307 -0.001259  \n",
      "XRP    0.004859  0.004566  0.005915  0.000074  0.000119 -0.000345 -0.001214  \n",
      "SPXT   0.000118  0.000089  0.000074  0.000030  0.000032 -0.000012 -0.000351  \n",
      "XCMP   0.000167  0.000109  0.000119  0.000032  0.000046 -0.000008 -0.000383  \n",
      "USSOC -0.000212 -0.000307 -0.000345 -0.000012 -0.000008  0.000579  0.000158  \n",
      "VIX   -0.001703 -0.001259 -0.001214 -0.000351 -0.000383  0.000158  0.004964  \n",
      "\n",
      "Covariance matrix at the trough date (dateTr):\n",
      "            ADA       BCH       BTC      DOGE       ETH      LINK       LTC  \\\n",
      "ADA    0.001661  0.001394  0.001081  0.001661  0.001581  0.001647  0.001306   \n",
      "BCH    0.001394  0.002231  0.001195  0.001601  0.001751  0.001779  0.001572   \n",
      "BTC    0.001081  0.001195  0.001034  0.001252  0.001320  0.001247  0.001088   \n",
      "DOGE   0.001661  0.001601  0.001252  0.004335  0.001889  0.001796  0.001478   \n",
      "ETH    0.001581  0.001751  0.001320  0.001889  0.002174  0.001842  0.001642   \n",
      "LINK   0.001647  0.001779  0.001247  0.001796  0.001842  0.002508  0.001523   \n",
      "LTC    0.001306  0.001572  0.001088  0.001478  0.001642  0.001523  0.001854   \n",
      "MANA   0.001592  0.001562  0.001208  0.001749  0.001698  0.001827  0.001407   \n",
      "XLM    0.001225  0.001352  0.000999  0.001292  0.001359  0.001432  0.001189   \n",
      "XRP    0.001423  0.001577  0.001170  0.001586  0.001628  0.001697  0.001424   \n",
      "SPXT   0.000281  0.000251  0.000243  0.000279  0.000306  0.000299  0.000207   \n",
      "XCMP   0.000363  0.000316  0.000306  0.000342  0.000393  0.000372  0.000272   \n",
      "USSOC -0.000070 -0.000063 -0.000049 -0.000067 -0.000059 -0.000059 -0.000061   \n",
      "VIX   -0.000735 -0.000777 -0.000632 -0.000798 -0.000913 -0.000853 -0.000695   \n",
      "\n",
      "           MANA       XLM       XRP      SPXT      XCMP     USSOC       VIX  \n",
      "ADA    0.001592  0.001225  0.001423  0.000281  0.000363 -0.000070 -0.000735  \n",
      "BCH    0.001562  0.001352  0.001577  0.000251  0.000316 -0.000063 -0.000777  \n",
      "BTC    0.001208  0.000999  0.001170  0.000243  0.000306 -0.000049 -0.000632  \n",
      "DOGE   0.001749  0.001292  0.001586  0.000279  0.000342 -0.000067 -0.000798  \n",
      "ETH    0.001698  0.001359  0.001628  0.000306  0.000393 -0.000059 -0.000913  \n",
      "LINK   0.001827  0.001432  0.001697  0.000299  0.000372 -0.000059 -0.000853  \n",
      "LTC    0.001407  0.001189  0.001424  0.000207  0.000272 -0.000061 -0.000695  \n",
      "MANA   0.001947  0.001409  0.001647  0.000277  0.000349 -0.000057 -0.000759  \n",
      "XLM    0.001409  0.001481  0.001665  0.000191  0.000247 -0.000044 -0.000558  \n",
      "XRP    0.001647  0.001665  0.002416  0.000201  0.000249 -0.000028 -0.000565  \n",
      "SPXT   0.000277  0.000191  0.000201  0.000175  0.000214 -0.000025 -0.000392  \n",
      "XCMP   0.000349  0.000247  0.000249  0.000214  0.000274 -0.000035 -0.000468  \n",
      "USSOC -0.000057 -0.000044 -0.000028 -0.000025 -0.000035  0.000057  0.000075  \n",
      "VIX   -0.000759 -0.000558 -0.000565 -0.000392 -0.000468  0.000075  0.001709  \n"
     ]
    }
   ],
   "source": [
    "window_size = 6 * 21 #(6 months of trading days)\n",
    "\n",
    "index_datePP = df.index.get_loc(datePP)\n",
    "index_dateTr = df.index.get_loc(dateTr)\n",
    "\n",
    "window_ending_at_datePP = df.iloc[index_datePP-window_size+1 : index_datePP+1]\n",
    "cov_matrix_datePP = window_ending_at_datePP.cov()\n",
    "\n",
    "window_ending_at_dateTr = df.iloc[index_dateTr-window_size+1 : index_dateTr+1]\n",
    "cov_matrix_dateTr = window_ending_at_dateTr.cov()\n",
    "\n",
    "\n",
    "\n",
    "\n",
    "print(\"Covariance matrix at the peak date (datePP):\")\n",
    "print(np.array2string(cov_matrix_datePP.values, formatter={'float_kind': lambda x: \"{:.2e}\".format(x)}))\n",
    "\n",
    "print(\"\\nCovariance matrix at the trough date (dateTr):\")\n",
    "print(np.array2string(cov_matrix_dateTr.values, formatter={'float_kind': lambda x: \"{:.2e}\".format(x)}))\n",
    "\n",
    "print(\"Covariance matrix at the peak date (datePP):\")\n",
    "print(cov_matrix_datePP)\n",
    "print(\"\\nCovariance matrix at the trough date (dateTr):\")\n",
    "print(cov_matrix_dateTr)"
   ]
  },
  {
   "cell_type": "markdown",
   "metadata": {},
   "source": [
    "To clean the covariance matrix using the eigenvalue clipping method (also known as the eigenvalue capping method), we will follow these steps:\n",
    "\n",
    "    -Compute the eigenvalues and eigenvectors of the covariance matrix.\n",
    "    -Set a threshold for the eigenvalues. Typically, we can use the average eigenvalue as a threshold.\n",
    "    -Cap all eigenvalues that are above this threshold to the value of the threshold.\n",
    "    -Reconstruct the cleaned covariance matrix using the clipped eigenvalues and the original eigenvectors."
   ]
  },
  {
   "cell_type": "code",
   "execution_count": 180,
   "metadata": {},
   "outputs": [
    {
     "data": {
